initial: 6
0.50747 0.49253 0.00000 0.00000 0.00000 0.00000

transition: 6
0.29200 0.50841 0.00615 0.19334 0.00000 0.00010
0.00028 0.50221 0.19898 0.00000 0.00000 0.29853
0.00300 0.00011 0.20170 0.78853 0.00000 0.00667
0.00018 0.00062 0.00446 0.28254 0.51235 0.19985
0.00000 0.00000 0.00000 0.00000 0.50078 0.49922
0.59840 0.00000 0.20644 0.19516 0.00000 0.00000

observation: 6
0.00028 0.29973 0.00111 0.10009 0.29878 0.09841
0.09988 0.39654 0.00000 0.10142 0.00000 0.10062
0.40439 0.19999 0.49059 0.29594 0.30228 0.00000
0.49545 0.10374 0.50689 0.40261 0.00000 0.00000
0.00000 0.00000 0.00140 0.09995 0.00000 0.80097
0.00000 0.00000 0.00000 0.00000 0.39894 0.00000
