initial: 6
0.71771 0.00245 0.09233 0.18751 0.00000 0.00000

transition: 6
0.29598 0.00731 0.50685 0.00022 0.00000 0.18964
0.19874 0.20101 0.59988 0.00000 0.00036 0.00001
0.00244 0.49602 0.20197 0.29957 0.00000 0.00000
0.00000 0.20174 0.00134 0.59711 0.00000 0.19980
0.10739 0.00000 0.00000 0.00000 0.49997 0.39263
0.00009 0.39428 0.00000 0.00000 0.30413 0.30150

observation: 6
0.69602 0.49833 0.30253 0.10007 0.00001 0.09741
0.00108 0.00033 0.39822 0.09909 0.10299 0.09728
0.30290 0.00010 0.20041 0.19625 0.09760 0.30225
0.00000 0.50124 0.09878 0.00000 0.00053 0.40394
0.00000 0.00000 0.00005 0.60460 0.00280 0.09912
0.00000 0.00000 0.00000 0.00000 0.79607 0.00000
