initial: 6
0.71950 0.00049 0.09176 0.18825 0.00000 0.00000

transition: 6
0.30893 0.00057 0.49389 0.00004 0.00000 0.19658
0.00104 0.19989 0.79878 0.00029 0.00000 0.00000
0.00011 0.49885 0.20204 0.29899 0.00000 0.00000
0.00000 0.20165 0.00001 0.59793 0.00000 0.20041
0.10495 0.00000 0.00000 0.00000 0.49705 0.39799
0.00000 0.39397 0.00000 0.00000 0.30040 0.30562

observation: 6
0.99547 0.49876 0.29761 0.09844 0.00011 0.09896
0.00248 0.00001 0.39957 0.09978 0.10419 0.09748
0.00205 0.00167 0.20115 0.80178 0.09066 0.30873
0.00000 0.49947 0.10164 0.00000 0.00339 0.39593
0.00000 0.00009 0.00003 0.00000 0.00208 0.09889
0.00000 0.00000 0.00000 0.00000 0.79957 0.00000
