initial: 6
0.00010 0.10279 0.09705 0.21030 0.00000 0.58976

transition: 6
0.20262 0.20157 0.59552 0.00000 0.00028 0.00000
0.00724 0.28740 0.51584 0.00002 0.00005 0.18945
0.49577 0.00537 0.19764 0.30122 0.00000 0.00000
0.20062 0.00002 0.00101 0.59883 0.00000 0.19952
0.00000 0.10171 0.00000 0.00000 0.50220 0.39609
0.39803 0.00000 0.00000 0.00000 0.30263 0.29934

observation: 6
0.49551 0.70061 0.30263 0.10048 0.00000 0.09914
0.00161 0.00077 0.39876 0.09941 0.10321 0.09594
0.00000 0.29849 0.20036 0.19648 0.09828 0.30170
0.50288 0.00013 0.09817 0.00000 0.00279 0.40219
0.00000 0.00000 0.00008 0.60364 0.00201 0.10103
0.00000 0.00000 0.00000 0.00000 0.79371 0.00000
